Color of string is: Color = BW
Image file is: filename = Euler.png
Number of lines of string is: Lines_Drawn = 9946
Number of total nails is: Num_Nails = 450
Number of nails on the side (including ends) is: N_h = 128
Number of nails on the top (including ends) is: N_b = 99
Ratio (b=base to h=height) of canvas needed to ensure equal spacing between nails is: r = b/h = 0.772
The spacing between nails is calculated by the formula: spacing = h/(N_h-1) = b/(N_b-1)
It's up to you what base width, b, you choose. For default parameters, I'd recommend b = 0.6 meters.

Instructions: Insert the nails (equally spaced) around the perimeter of the rectangle.
The first nail should start in the bottom right corner and go around Counter Clockwise.
Label these nails 1 to 450. First place down Cyan (C) string, then Magenta (M)
string, then Yellow (Y) string, then Black (K) string.

The following nail list is for BW string:
1
145
26
436
31
437
30
433
73
387
209
380
71
385
210
379
26
432
30
430
73
431
29
437
23
432
31
431
110
386
210
377
73
391
30
438
88
433
26
435
66
385
28
436
108
387
214
389
71
430
22
437
20
436
29
438
121
396
31
379
212
383
210
382
30
434
70
390
66
391
119
432
71
381
67
436
25
437
33
387
215
392
26
390
31
397
73
378
209
383
29
435
30
424
73
386
109
375
108
373
210
371
110
395
22
433
75
385
122
431
88
430
23
392
64
393
214
381
70
431
20
433
25
380
117
438
28
387
216
379
65
437
24
436
116
432
12
437
19
436
55
382
217
389
74
396
33
429
67
397
215
377
66
368
209
384
88
435
211
434
26
429
110
363
23
438
17
433
32
388
71
395
212
377
121
386
70
441
30
440
73
366
210
367
29
434
119
378
214
448
68
380
215
383
89
446
22
432
28
379
118
392
117
397
216
391
65
446
31
435
64
353
67
384
75
389
219
387
107
432
18
437
91
382
116
430
128
388
72
436
120
396
75
394
25
431
13
437
15
433
12
430
33
395
122
377
88
242
109
372
209
366
87
385
60
379
82
368
212
380
211
381
68
383
24
391
55
390
74
438
21
437
27
389
32
436
9
382
17
431
35
392
54
433
19
381
185
388
79
391
72
371
26
443
23
393
128
434
51
387
59
397
118
429
20
379
213
389
18
388
218
370
210
357
30
445
70
373
209
367
66
378
215
368
214
384
29
448
22
436
14
424
71
428
64
441
73
370
82
386
217
390
123
394
61
377
28
430
25
435
86
424
122
376
67
444
26
425
120
378
211
353
119
234
66
440
20
446
216
396
219
382
40
389
126
383
21
432
24
434
31
380
116
435
23
429
87
443
13
438
39
390
124
385
207
371
212
375
214
366
58
387
69
396
196
397
68
431
33
439
29
376
89
374
210
372
91
381
217
367
55
371
62
393
53
385
111
371
63
394
187
393
223
385
208
379
32
395
185
391
37
437
8
449
7
448
9
432
92
430
51
380
27
388
57
437
35
436
75
431
18
433
79
373
215
398
109
364
88
361
30
426
71
445
12
446
15
435
112
438
60
396
220
377
216
382
59
386
74
434
16
384
113
433
128
447
17
449
19
450
64
369
65
365
108
239
121
441
22
439
26
428
70
425
218
357
209
375
123
434
28
429
107
376
211
359
73
360
117
354
66
233
119
242
118
234
117
241
210
353
78
392
93
357
31
374
86
367
72
378
213
394
34
385
191
390
40
424
219
383
54
368
39
432
46
381
61
380
207
389
187
366
67
398
116
361
65
423
88
362
91
359
214
370
33
444
30
238
110
413
73
369
82
372
212
373
89
386
120
233
121
232
119
239
109
442
8
448
10
430
38
427
24
440
14
437
63
368
58
438
85
377
20
445
13
446
25
395
60
378
217
426
122
238
109
253
110
417
29
443
37
431
21
435
75
429
68
375
74
428
23
425
126
433
62
379
53
392
77
379
69
382
128
437
42
390
101
396
223
388
115
383
127
447
51
353
55
444
7
450
215
364
66
356
185
397
219
381
56
389
125
384
114
424
92
370
64
366
196
441
9
449
6
448
12
436
16
432
15
423
210
354
118
240
108
399
107
241
87
357
86
242
112
402
71
439
17
430
19
386
216
374
59
365
22
367
83
394
124
435
32
377
218
380
81
387
80
429
31
398
195
391
191
395
220
388
50
436
62
445
11
438
35
427
26
447
28
449
10
440
18
434
27
431
39
376
213
382
25
443
14
446
8
450
20
424
13
425
24
426
23
441
47
360
209
363
70
364
89
428
78
371
214
369
93
361
72
379
207
375
33
353
79
432
85
433
37
439
40
438
34
393
188
385
44
384
211
406
82
413
87
265
121
230
110
258
117
262
67
232
73
234
113
430
126
246
120
250
119
231
116
247
110
249
121
163
108
254
109
256
108
244
65
411
91
422
30
360
212
354
51
359
29
427
46
368
196
365
54
373
63
372
55
356
88
417
70
238
58
367
64
423
74
376
57
362
61
357
75
374
127
388
208
378
38
448
15
440
9
444
12
443
71
372
26
445
6
446
217
380
97
366
215
447
185
384
53
433
81
431
32
398
115
381
60
373
21
434
11
449
31
406
209
414
92
371
22
442
66
399
30
400
114
383
69
437
50
428
27
369
195
370
211
259
112
265
111
402
28
426
16
450
17
435
35
363
87
242
123
233
67
277
68
353
7
424
19
368
83
436
41
375
59
359
42
430
77
378
219
377
101
437
46
429
82
235
117
237
78
402
79
241
122
234
210
361
89
423
8
425
128
439
187
382
218
379
220
383
216
362
213
370
18
438
14
444
10
422
5
448
13
441
25
440
124
245
107
240
120
258
65
239
122
263
123
246
118
233
73
253
72
413
86
364
212
250
113
416
88
277
24
398
214
374
47
366
200
395
198
397
193
393
36
432
56
352
23
411
40
365
55
262
107
410
93
360
29
450
52
385
221
387
186
394
76
393
224
387
189
392
194
367
215
427
33
386
51
445
37
435
45
376
58
356
20
426
38
433
34
436
43
389
49
395
223
390
95
381
208
384
218
354
39
434
91
242
111
231
121
247
119
259
116
228
110
163
109
258
64
400
57
377
207
382
204
357
54
358
63
406
62
369
196
249
115
417
85
375
61
363
217
371
35
443
75
230
67
238
66
270
71
414
74
251
100
431
83
378
191
394
198
373
32
428
21
446
7
447
9
424
11
425
15
441
16
439
19
432
44
388
188
397
221
380
206
372
42
442
12
449
81
444
17
448
128
232
68
359
185
265
127
440
187
386
207
353
6
429
92
362
210
413
59
351
22
423
13
402
41
437
125
422
209
266
118
235
70
415
108
418
28
364
50
430
78
234
126
237
201
368
199
396
197
395
76
383
186
390
192
389
193
401
72
447
5
445
8
239
30
355
77
438
47
361
112
245
93
414
26
243
108
257
110
254
122
236
117
260
69
365
27
404
88
241
65
399
82
250
97
433
101
253
31
427
36
370
216
366
53
367
195
240
121
416
79
352
2
446
60
376
219
379
223
381
220
380
52
394
222
396
189
393
192
374
202
246
113
412
211
256
212
262
116
261
86
358
73
407
87
409
213
275
91
165
84
377
45
382
90
431
40
434
57
363
89
230
114
263
124
424
25
449
3
450
10
443
18
373
208
356
214
354
14
426
33
371
56
357
24
417
100
378
54
428
20
439
27
425
29
270
58
360
51
369
38
259
64
406
55
400
37
429
39
398
187
252
107
244
109
255
66
411
63
442
15
351
23
232
61
372
34
383
221
395
102
390
183
448
16
444
19
441
115
251
123
231
68
365
74
266
46
375
125
233
62
355
75
265
120
238
126
247
112
228
67
404
119
161
80
370
201
242
127
229
70
410
92
422
71
362
111
413
77
435
9
445
7
443
6
450
11
353
215
249
117
158
118
163
85
359
196
277
26
415
209
235
200
361
217
374
43
430
32
432
35
364
59
434
50
234
185
254
83
166
110
243
210
418
42
401
79
236
12
423
18
446
17
240
28
427
22
447
81
373
188
381
205
377
199
367
95
382
220
386
224
392
48
436
105
388
140
387
129
436
154
437
94
391
190
392
184
385
225
391
226
385
342
391
345
387
340
397
222
393
132
396
226
390
342
394
130
438
44
399
191
366
49
433
41
431
47
402
56
245
21
440
23
250
101
239
123
237
88
412
60
358
31
256
65
257
73
258
72
409
86
416
30
253
69
275
124
262
119
241
91
407
216
449
2
448
3
352
4
246
97
356
53
360
84
405
87
157
78
354
98
379
221
368
202
260
109
403
108
162
82
414
128
435
34
369
198
363
195
357
211
411
212
263
5
233
114
371
213
368
218
372
204
232
122
247
93
167
89
242
206
376
33
417
76
429
10
378
223
380
57
264
113
159
116
161
107
165
108
261
120
230
13
400
25
426
36
430
44
406
115
259
214
419
121
244
219
421
14
442
20
444
8
441
45
428
24
351
37
249
52
238
46
362
51
251
118
166
58
269
38
399
39
277
54
231
63
270
62
359
55
265
186
395
190
386
222
384
224
398
197
364
40
353
61
361
208
355
185
266
194
255
67
410
64
401
29
440
12
447
11
422
66
404
30
275
70
252
100
365
85
408
68
376
200
367
202
235
74
158
111
164
92
163
75
423
96
381
206
366
201
375
126
415
80
234
125
228
71
229
117
417
112
256
196
236
127
237
209
240
193
443
15
424
17
445
21
425
16
241
207
370
51
239
210
250
217
418
32
246
6
243
90
432
69
439
28
350
7
254
215
258
26
292
19
427
42
402
57
431
48
446
9
450
2
248
53
406
50
262
49
263
187
374
128
245
72
414
22
300
27
257
106
377
105
416
35
434
43
433
104
389
103
411
83
413
78
162
73
421
79
412
101
363
204
260
121
157
82
298
31
352
5
449
4
276
60
372
77
432
83
425
219
356
94
360
195
442
18
253
84
424
21
354
59
409
212
271
89
154
107
152
110
159
65
405
116
227
86
167
81
400
191
403
213
357
52
358
95
165
113
230
123
419
8
264
122
252
109
153
93
294
188
232
124
426
216
231
198
233
214
428
29
240
203
373
205
382
223
383
225
392
335
385
142
384
342
379
99
378
220
368
193
369
211
238
114
270
91
244
218
242
10
439
25
249
97
429
13
444
24
448
14
247
3
277
199
259
45
281
120
282
119
273
87
279
54
407
33
255
74
359
20
251
98
158
47
266
55
355
88
408
58
351
36
441
186
375
215
371
194
261
38
404
46
450
192
269
23
265
56
353
100
401
63
413
62
374
207
296
66
155
108
420
64
228
76
362
90
415
96
366
19
443
40
367
34
430
102
376
208
364
75
161
67
229
37
399
197
236
125
235
61
166
68
422
6
245
71
237
115
370
44
427
41
435
131
393
337
391
149
390
340
396
345
392
318
397
225
386
141
385
337
388
336
389
184
447
16
440
39
410
200
246
70
163
80
289
92
241
126
239
85
262
196
234
127
243
111
248
209
253
201
365
217
423
11
446
27
276
69
300
210
256
17
260
118
274
185
257
12
293
26
298
7
271
9
263
32
352
15
445
22
350
31
354
43
400
106
136
110
139
112
164
117
267
30
278
53
429
48
372
189
380
224
437
181
438
223
377
221
398
225
381
221
361
60
284
65
414
49
357
187
258
35
409
36
434
77
295
28
250
123
418
82
292
84
411
104
430
94
368
219
254
124
227
50
356
198
275
42
302
72
416
78
156
79
152
59
428
33
442
24
449
13
426
128
421
10
251
101
424
94
417
211
405
212
358
199
252
73
159
86
266
188
238
195
230
191
232
202
247
205
242
203
255
107
151
88
157
93
160
81
407
5
162
87
142
109
154
108
167
91
269
204
244
89
277
25
259
213
360
206
363
216
233
23
264
121
281
214
270
90
373
218
231
113
361
41
351
2
265
8
296
4
448
18
425
34
402
62
261
68
403
39
303
40
444
37
273
20
412
45
433
129
395
341
387
152
436
130
380
222
379
224
382
221
375
17
441
21
353
3
349
29
294
95
431
102
249
98
144
97
355
54
165
46
153
114
418
84
285
63
155
116
166
120
404
56
439
31
419
52
282
47
367
220
371
200
236
103
376
220
359
184
279
122
228
14
362
185
260
38
449
76
408
57
369
207
365
215
234
51
440
186
235
58
399
194
370
208
406
210
262
61
246
55
410
105
161
66
413
100
158
67
254
75
169
74
164
119
274
70
276
193
364
189
240
80
401
196
237
217
239
127
250
11
427
128
415
19
446
44
268
59
289
71
258
113
136
96
163
43
422
7
241
125
229
111
256
115
248
60
267
201
257
209
243
118
245
126
253
15
272
6
292
92
284
85
350
12
280
121
278
64
411
69
374
197
275
16
295
9
302
26
352
22
443
32
297
27
414
57
445
28
403
46
363
213
283
48
263
188
271
49
358
42
423
35
366
195
298
30
417
212
369
219
360
187
293
77
139
117
138
110
420
211
356
202
357
58
428
37
447
8
354
95
416
119
142
112
419
50
371
223
450
4
244
72
151
82
159
79
157
97
160
78
165
53
439
35
444
192
377
224
378
206
238
83
434
81
300
123
226
73
167
65
156
86
294
89
408
214
372
191
242
104
429
18
252
102
152
87
286
91
162
88
273
199
400
194
368
52
405
51
227
98
306
198
261
216
249
101
365
50
270
203
285
20
351
3
264
24
232
218
230
106
154
114
140
99
247
54
266
124
233
80
409
67
412
61
277
13
255
14
374
34
442
39
349
2
353
204
259
70
231
66
239
205
251
23
282
74
421
38
164
107
418
93
296
33
281
47
373
76
279
62
144
108
149
109
143
116
150
63
269
64
153
120
161
92
407
56
364
192
402
220
355
25
303
125
240
122
229
55
155
41
423
20
413
94
434
34
401
113
158
10
445
191
265
36
361
186
241
100
166
75
168
68
237
103
427
40
446
128
443
11
257
111
169
26
441
27
426
17
268
29
254
105
163
90
359
207
362
217
235
126
228
115
262
5
450
14
422
16
245
200
258
45
404
212
410
15
246
71
280
185
267
184
448
19
316
193
236
209
256
28
442
30
299
215
243
81
415
60
406
83
283
196
248
96
293
127
253
21
375
213
274
208
250
99
139
118
313
210
263
201
275
44
276
89
272
32
440
33
447
10
295
12
300
43
412
64
414
85
429
36
290
73
278
77
234
9
260
189
271
48
352
6
226
112
136
117
142
110
141
91
292
87
167
69
288
65
297
31
428
84
366
203
367
219
298
93
284
78
289
79
302
88
345
204
354
7
419
92
357
183
356
187
255
121
138
82
287
72
162
95
151
59
350
42
417
218
360
216
358
38
273
53
156
98
157
101
159
106
152
104
154
116
134
49
405
54
230
124
238
198
244
22
409
37
421
80
165
45
369
208
368
197
242
214
232
195
249
120
227
114
160
108
307
97
306
199
372
190
379
344
391
335
397
132
435
142
436
140
386
340
398
342
381
222
382
226
380
326
389
350
397
349
387
328
393
136
392
329
396
343
388
346
385
338
387
332
391
138
389
331
392
339
394
134
438
154
433
148
437
175
438
153
435
152
432
131
394
344
384
316
385
324
387
151
388
334
383
345
386
335
396
341
393
318
390
150
389
139
388
323
397
326
394
327
385
325
384
337
392
348
391
329
383
336
393
135
394
346
392
343
383
349
379
333
396
347
390
138
437
177
375
223
370
56
411
18
444
76
363
29
416
25
266
123
247
24
281
205
294
55
308
206
265
188
252
202
399
192
373
217
233
51
269
115
135
107
137
109
140
86
349
4
351
8
303
193
261
85
296
23
347
2
331
122
143
119
144
5
353
184
259
52
286
39
301
127
231
74
150
61
279
57
166
47
426
32
407
209
251
103
149
100
161
102
153
3
234
211
264
40
285
68
420
75
277
186
253
125
246
62
408
66
256
13
447
41
418
87
155
67
168
90
245
63
163
46
239
105
164
96
357
194
443
17
271
126
270
196
250
207
282
185
268
210
236
48
359
53
274
16
260
70
403
71
284
200
237
215
361
58
243
88
228
117
151
110
165
111
254
15
240
99
169
28
362
60
158
49
441
129
381
224
376
222
378
225
377
226
402
225
371
44
355
50
404
213
415
27
340
201
400
202
364
203
399
340
430
134
431
132
432
141
437
179
445
14
449
224
367
190
366
211
365
97
289
69
316
11
258
116
229
73
235
21
292
94
287
86
410
22
283
72
291
12
299
7
304
91
290
77
262
19
442
45
440
36
257
107
136
118
405
209
298
35
401
197
278
128
241
120
272
65
312
6
293
79
138
112
141
98
295
82
142
106
157
84
154
9
309
26
422
78
167
83
297
89
288
93
339
188
267
42
439
129
425
130
424
149
436
143
438
180
450
181
449
142
431
148
448
43
426
37
427
34
313
119
139
108
156
81
233
31
252
195
244
95
413
203
248
109
152
113
162
101
238
104
160
51
276
187
259
124
300
205
302
122
280
198
264
189
263
191
446
10
350
2
227
121
226
3
275
183
354
206
249
204
242
219
363
41
352
8
281
57
305
214
247
212
416
218
356
38
301
123
277
30
294
199
286
63
351
13
321
23
306
29
331
64
273
216
372
213
232
52
265
184
255
18
307
39
347
5
333
4
326
54
159
114
133
59
269
127
417
102
149
20
348
55
358
74
412
209
419
105
231
76
411
68
140
40
428
46
349
25
423
147
435
160
430
131
433
140
431
143
432
134
402
153
406
154
434
129
373
221
374
211
355
32
353
186
279
196
266
200
251
126
230
62
164
100
144
80
282
24
345
47
163
49
444
193
360
61
308
185
285
33
418
97
137
111
134
112
135
85
150
70
153
56
246
92
303
15
270
217
369
223
368
132
409
71
296
90
429
58
203
110
143
67
263
75
250
103
155
118
168
96
166
117
261
201
239
215
235
208
407
210
414
17
421
220
370
222
371
219
359
95
158
115
170
6
309
7
161
50
304
194
234
21
284
66
271
125
248
207
408
59
237
11
297
108
169
73
415
89
229
109
136
48
410
77
361
83
290
87
228
65
323
12
344
26
341
27
420
60
236
53
443
42
253
104
240
106
245
114
243
101
151
69
352
35
291
22
299
188
365
191
362
187
257
128
268
116
241
28
310
82
165
79
283
84
238
202
256
183
258
197
262
189
254
19
334
30
312
43
154
119
132
107
139
86
288
16
287
199
267
195
260
198
401
226
378
345
381
320
387
321
397
322
389
338
391
137
392
316
395
323
390
284
397
328
384
339
385
333
395
325
398
331
388
150
436
173
441
175
376
342
380
332
382
342
400
220
364
206
278
88
272
122
138
91
293
93
315
2
313
72
295
94
428
47
316
204
274
3
292
205
354
5
275
36
447
14
276
216
244
9
340
8
280
192
445
18
300
29
320
24
446
178
374
224
375
176
436
161
425
157
438
141
433
130
435
158
437
142
432
147
438
174
377
334
393
344
389
318
396
133
430
152
424
162
436
156
437
131
425
158
439
154
298
10
302
44
356
62
159
98
162
99
142
121
133
113
141
120
226
124
242
13
345
4
422
218
366
219
372
222
357
63
416
71
152
56
205
39
289
38
308
31
266
51
350
23
156
52
160
64
279
123
227
70
157
61
282
78
231
125
417
217
358
92
167
67
286
81
296
103
252
117
134
115
230
74
281
68
158
102
363
55
247
96
294
25
339
33
306
40
324
185
233
212
249
20
301
45
429
21
411
41
360
90
319
184
261
126
232
112
255
110
135
111
143
105
137
118
140
84
351
57
201
46
273
210
419
222
405
223
367
221
420
210
421
127
251
194
265
190
259
196
325
200
269
214
353
208
359
37
448
177
440
34
270
193
285
19
303
22
444
27
442
47
305
215
277
207
264
66
330
54
364
216
355
76
414
217
236
69
408
61
326
100
321
186
346
12
407
60
409
75
280
58
263
192
361
91
155
80
333
201
331
9
347
15
307
28
349
6
348
16
150
65
149
50
164
42
262
183
1
191
237
79
163
53
132
104
161
49
235
101
153
48
203
26
350
11
300
17
293
86
168
77
362
199
239
83
170
78
410
18
447
153
413
211
418
99
144
89
166
72
228
73
267
212
240
128
229
114
145
85
291
59
234
120
245
121
169
81
172
82
284
188
254
195
246
94
152
5
272
187
268
87
274
198
250
124
248
95
295
203
258
205
241
202
365
221
445
24
260
39
271
123
243
122
310
32
334
7
312
35
299
197
253
106
415
220
366
225
403
224
404
223
354
213
288
189
256
206
289
88
292
13
278
2
316
93
151
98
138
108
136
97
323
30
309
214
283
204
257
46
318
31
335
3
297
116
139
113
227
119
141
107
156
64
313
14
315
4
338
29
321
56
275
1
298
8
304
44
352
25
344
40
302
20
142
55
276
57
290
23
305
41
326
38
287
63
157
109
159
45
154
75
356
76
165
66
226
52
333
33
340
51
363
184
264
36
360
201
357
74
160
43
265
196
242
90
341
71
162
58
205
10
270
127
230
70
166
62
232
115
137
112
167
80
301
194
247
125
249
218
238
102
233
105
133
103
416
208
244
110
306
6
231
126
252
193
358
185
286
68
164
37
422
160
423
140
434
148
404
151
424
341
383
350
378
348
396
324
391
347
385
280
394
336
397
317
384
343
398
326
393
289
391
351
389
283
387
308
392
349
376
335
380
329
395
327
379
346
384
322
383
331
397
320
386
310
387
339
388
338
396
337
382
340
381
330
390
352
370
226
427
136
431
159
435
149
412
154
426
129
450
173
440
176
449
182
259
207
251
215
255
186
269
209
421
9
296
11
281
7
261
200
411
75
314
48
428
35
319
16
320
15
330
30
308
54
336
17
339
92
285
50
273
31
277
59
279
26
266
21
444
28
317
19
294
85
323
86
348
34
417
161
433
155
432
139
368
225
375
344
386
341
379
328
398
321
385
272
387
282
390
228
380
337
406
345
399
335
383
287
393
270
395
250
387
266
385
277
394
284
388
281
391
318
371
130
403
152
439
175
449
143
367
141
446
142
369
224
373
350
370
131
438
165
430
144
437
166
436
145
423
135
401
136
435
157
433
134
443
178
349
12
405
44
429
60
353
99
143
117
135
88
346
27
307
96
324
32
325
42
331
53
282
49
303
78
150
100
169
79
149
73
161
111
144
118
337
188
355
95
168
82
155
83
158
69
329
123
228
97
153
65
311
120
134
87
351
10
243
89
345
3
347
1
163
81
170
77
283
67
188
13
202
91
203
93
135
106
140
94
201
43
266
183
236
72
234
22
316
190
229
121
145
113
129
109
138
104
322
98
139
114
257
192
365
219
235
116
253
124
237
128
250
199
359
213
239
197
240
187
262
203
245
198
254
204
362
205
361
206
246
211
241
216
408
209
260
212
258
191
274
202
263
4
291
189
289
14
297
24
267
18
292
67
275
45
206
38
248
122
131
101
304
20
271
29
278
195
268
214
1
180
284
51
298
23
410
221
364
218
309
25
280
56
272
8
310
66
276
39
300
33
334
58
290
5
288
37
302
41
299
70
287
68
344
90
293
2
156
61
352
36
312
119
136
62
148
108
141
85
142
80
318
184
313
200
335
54
295
92
152
103
151
52
332
47
256
74
315
71
157
102
154
57
162
111
233
126
226
40
189
63
354
185
231
223
409
222
366
226
374
177
445
34
341
46
159
55
205
107
204
96
160
100
294
76
167
117
172
110
132
112
230
125
227
118
338
15
350
16
261
127
232
215
356
201
358
186
357
196
252
207
360
210
411
90
165
105
242
190
363
193
238
220
420
156
431
133
434
132
441
153
448
176
438
155
413
148
414
147
439
174
450
175
442
173
446
154
441
138
407
152
427
159
419
132
369
342
402
334
398
332
377
323
386
348
382
316
394
279
389
325
381
327
388
280
392
278
395
283
391
310
396
326
425
164
430
140
400
347
378
336
379
343
406
333
390
324
384
314
387
307
393
285
397
313
385
312
389
308
396
288
392
322
399
346
377
329
424
146
432
149
437
160
412
141
422
145
368
143
434
161
448
225
367
157
426
137
371
340
380
320
390
237
384
228
376
345
402
289
383
339
373
349
372
224
353
44
264
53
259
9
321
21
270
27
251
22
340
115
143
12
249
208
247
217
244
7
265
32
255
19
179
84
296
194
281
48
303
26
301
11
324
64
285
65
330
31
307
49
314
72
269
17
305
78
153
77
279
28
306
43
317
81
282
6
286
69
421
221
235
79
333
35
329
59
343
60
268
73
325
101
320
30
319
89
347
179
346
2
348
88
137
84
133
104
134
42
199
50
331
128
416
213
236
116
339
199
241
192
273
183
277
124
130
107
326
108
308
95
149
87
145
119
336
189
337
5
345
14
181
86
158
82
166
94
169
93
146
83
164
97
150
106
155
99
168
98
140
113
144
114
163
91
161
109
141
122
129
121
228
120
229
123
234
203
355
202
240
204
237
205
250
211
361
188
359
216
418
129
415
147
443
130
440
139
424
315
386
257
391
317
394
330
393
321
389
249
395
282
396
242
379
331
375
286
397
332
378
328
406
284
382
338
398
344
381
334
400
335
370
142
433
162
427
153
407
161
435
144
431
151
449
156
419
134
403
226
439
165
368
166
429
34
349
1
316
13
203
25
170
4
239
212
243
191
287
66
283
23
188
29
267
41
202
38
187
20
246
214
362
218
245
57
206
46
274
37
262
10
258
105
201
40
271
181
256
198
257
195
272
39
315
206
253
8
322
55
278
187
292
197
290
68
254
33
351
45
280
61
428
51
260
52
275
58
289
70
288
62
293
126
302
80
297
36
291
74
299
18
304
24
295
75
284
184
276
190
300
200
309
54
263
76
154
64
312
3
298
185
311
63
139
111
136
115
132
118
138
89
344
127
226
67
310
196
296
186
249
219
416
34
408
132
447
177
340
208
313
207
356
210
358
182
323
103
142
92
148
96
151
100
248
193
233
223
365
148
442
150
432
158
430
170
436
174
440
129
1
173
447
178
444
180
264
112
156
60
328
6
178
85
157
117
131
110
171
78
334
50
335
125
232
220
360
215
363
207
238
11
172
77
160
102
159
69
231
7
341
21
318
12
352
49
165
71
167
79
162
47
354
56
204
32
307
19
242
209
252
217
357
182
270
43
269
16
180
15
227
65
350
27
189
17
244
201
247
82
200
30
182
86
179
83
286
187
265
22
190
88
205
35
251
26
261
179
279
72
230
73
281
192
305
194
314
183
301
42
266
195
259
181
277
188
303
44
207
91
152
99
294
204
273
189
282
59
355
212
255
113
130
109
134
106
137
95
324
202
306
203
308
28
325
9
326
31
319
48
330
122
133
108
135
116
140
119
146
84
150
104
164
81
149
93
158
87
321
191
331
198
333
20
342
128
332
1
348
3
143
94
181
101
155
114
298
197
313
5
349
13
346
4
234
205
339
10
317
206
336
53
285
213
241
219
353
218
359
24
315
23
337
8
347
14
188
36
329
199
327
37
338
51
163
97
161
76
169
107
144
120
145
124
228
98
153
54
202
39
199
46
320
216
236
2
235
123
248
121
237
214
361
52
201
68
229
63
260
211
362
220
243
18
343
41
345
25
262
33
203
38
272
47
187
45
196
40
198
66
293
196
239
100
170
117
148
55
206
62
245
209
271
90
275
125
295
29
299
75
283
58
278
67
287
71
288
61
267
74
166
102
250
184
257
194
240
57
309
185
289
217
246
111
168
80
351
56
322
9
185
96
177
85
154
92
274
126
334
190
290
208
254
103
156
105
131
107
134
118
129
110
133
7
311
27
318
17
344
30
190
16
302
200
323
11
335
32
340
28
189
12
142
114
132
116
136
79
284
186
256
106
147
64
207
49
191
31
329
193
258
127
292
210
242
215
263
181
304
21
300
201
276
179
268
198
319
26
249
180
297
70
316
73
312
15
296
53
204
60
280
206
291
82
167
77
151
112
160
115
138
113
244
124
172
78
233
222
410
155
450
140
413
149
441
176
445
138
370
341
374
350
369
351
377
252
380
352
383
272
392
276
385
304
391
300
387
298
394
244
388
318
425
299
397
254
382
270
384
269
386
309
423
152
420
131
409
159
436
146
448
160
426
163
438
167
435
162
417
130
372
136
437
168
433
133
446
169
431
135
422
156
418
134
420
305
390
281
393
316
376
348
402
336
404
287
381
346
371
324
412
342
364
224
356
223
357
200
358
221
354
203
238
128
227
99
157
50
139
89
301
81
171
98
328
59
310
6
232
104
162
83
178
84
176
86
180
87
303
195
251
189
261
69
277
197
247
94
159
119
130
65
165
101
161
88
179
95
205
22
218
35
231
72
225
8
341
91
285
187
264
199
307
109
150
108
200
93
182
2
266
216
255
191
269
212
253
192
239
204
305
19
252
213
265
211
326
205
342
42
324
43
279
202
273
218
314
5
325
10
308
1
350
3
313
36
230
76
336
23
346
24
294
18
317
45
352
33
320
183
321
177
281
62
271
182
330
51
333
46
186
44
343
127
228
38
347
40
327
61
141
4
348
13
241
63
332
29
339
14
331
48
345
57
306
56
199
105
152
58
175
85
226
122
135
120
140
121
137
123
144
90
203
47
198
67
194
39
355
219
270
188
338
75
337
37
349
71
259
178
286
214
235
54
146
110
145
111
153
55
164
44
351
64
187
97
149
115
229
126
240
208
258
175
263
25
353
220
361
154
401
333
373
343
399
325
403
274
395
229
400
327
424
323
398
329
425
250
377
337
366
141
411
150
434
137
419
153
415
326
375
340
378
273
385
234
379
261
387
245
405
154
414
251
389
262
394
247
392
266
382
347
380
291
386
255
388
277
391
268
396
315
393
279
406
278
398
283
399
288
372
317
376
312
367
145
421
144
449
147
444
222
363
223
360
217
359
209
282
201
246
21
184
96
181
102
163
41
195
80
169
92
143
112
155
74
257
180
260
186
254
193
262
125
129
65
197
34
245
207
253
20
236
221
248
183
278
185
272
184
287
210
267
45
202
26
188
100
352
52
206
9
214
72
222
68
274
194
243
104
166
73
341
32
191
27
201
15
275
190
237
19
154
117
152
66
295
17
225
70
283
49
318
42
196
43
208
48
304
188
290
171
443
148
364
345
368
349
371
280
397
319
374
225
427
158
429
142
450
143
428
151
409
289
395
313
401
285
390
302
402
307
375
314
394
311
373
322
378
308
424
321
369
139
430
166
432
135
442
157
436
155
412
140
439
170
437
165
422
164
438
159
423
163
441
160
408
152
448
131
417
335
407
330
400
341
366
350
365
338
404
344
414
348
379
244
405
332
403
334
431
138
418
130
449
167
430
136
443
172
435
146
367
226
362
223
234
103
158
59
177
60
289
181
288
202
298
179
250
192
256
199
292
128
300
40
316
213
291
83
284
196
276
198
309
35
189
11
315
20
293
87
176
81
174
84
180
7
323
197
356
203
302
189
335
77
165
99
160
89
168
78
281
215
268
204
314
187
340
50
344
31
311
28
183
95
156
101
170
79
172
118
141
16
227
122
132
120
131
114
136
82
148
53
322
12
157
94
162
106
205
1
171
3
334
121
310
191
249
126
244
205
312
195
299
13
328
5
221
4
178
86
134
91
139
97
158
107
217
22
259
216
238
214
240
211
297
10
185
30
207
88
167
85
159
66
329
38
348
14
350
24
204
23
280
63
325
8
142
116
138
119
147
108
151
109
168
93
163
69
282
177
251
218
361
212
277
56
209
55
200
29
182
98
179
2
307
187
266
6
242
125
226
64
218
41
346
39
137
124
265
173
285
200
231
219
232
221
360
224
357
351
364
149
445
174
446
161
447
162
434
168
429
132
450
157
440
133
420
246
380
328
370
320
396
257
385
238
374
342
410
331
406
310
388
242
381
269
390
270
386
275
389
339
376
284
413
228
425
249
383
252
393
300
383
267
391
282
399
305
384
265
397
237
413
301
392
281
377
304
426
153
1
142
439
171
436
169
432
137
442
158
433
139
448
144
368
323
423
287
389
272
394
276
384
286
387
299
378
298
395
306
398
316
404
324
382
326
427
340
372
325
424
251
407
327
371
295
388
232
402
337
401
303
381
240
385
262
383
318
415
336
373
309
396
243
406
254
369
164
444
150
441
151
408
161
437
172
447
147
365
352
354
54
155
110
140
96
212
61
294
92
144
112
145
115
153
81
161
113
135
123
130
105
203
51
190
33
342
70
327
67
193
36
332
6
261
175
252
127
233
9
336
210
247
185
264
37
188
46
305
98
149
117
338
16
296
201
308
176
273
71
326
62
275
194
253
68
192
30
331
215
260
111
146
113
143
118
133
102
324
73
301
196
254
217
230
90
276
207
255
178
269
206
279
180
345
58
222
11
330
43
349
17
319
47
320
25
293
182
303
21
317
193
263
186
343
15
339
74
228
69
351
26
184
12
347
18
237
220
229
76
337
52
250
214
256
219
239
190
270
184
288
75
290
205
268
23
186
22
306
7
286
208
262
199
236
78
166
77
164
72
150
80
173
79
175
82
169
103
177
84
181
87
208
57
220
19
187
28
201
35
194
42
195
34
292
179
258
211
235
100
141
114
129
119
170
97
178
91
295
181
353
222
359
156
410
234
387
236
375
346
403
283
414
278
438
166
367
349
363
225
440
141
333
27
183
99
167
94
196
104
202
53
205
49
206
31
198
32
321
88
291
86
234
101
171
122
136
120
335
10
172
83
148
121
131
123
132
124
133
44
197
33
246
192
248
204
355
209
358
189
309
60
219
107
149
89
199
48
315
41
313
195
261
50
147
52
283
188
257
129
416
162
428
333
405
255
376
343
377
239
417
345
409
329
382
229
425
302
411
154
362
224
358
223
241
1
352
40
314
197
251
213
245
212
287
203
271
183
284
20
322
191
270
165
433
145
1
143
435
170
431
146
366
347
370
164
431
160
418
268
399
274
384
230
400
241
412
260
390
247
423
248
379
266
419
136
446
148
243
202
272
198
278
74
280
76
159
80
152
8
162
109
160
106
207
51
334
65
190
108
191
2
323
206
298
13
340
14
344
59
165
63
274
4
311
5
312
184
299
190
255
174
259
209
289
61
138
58
142
96
154
100
156
90
300
134
445
132
421
133
444
135
420
155
411
261
401
279
392
256
404
273
391
280
400
307
426
131
369
328
427
317
450
250
380
292
386
277
393
264
398
285
413
312
443
149
430
171
438
168
432
138
449
140
368
350
364
344
374
290
397
291
395
245
372
334
378
338
373
315
415
341
402
314
417
322
379
294
385
311
387
313
375
288
388
289
381
319
414
235
392
275
396
269
403
339
371
335
374
308
425
320
422
330
429
321
412
331
409
310
448
167
436
163
434
159
428
318
405
267
419
158
441
169
437
228
370
297
384
295
389
257
426
299
406
242
377
301
382
231
394
309
391
238
401
234
365
145
439
342
366
351
367
348
363
153
434
144
433
151
410
287
422
244
376
303
386
284
398
252
407
272
397
298
450
276
390
246
393
293
373
345
369
165
443
150
435
265
380
237
418
137
445
143
357
226
354
182
264
128
230
221
231
11
232
222
238
127
227
39
328
36
204
37
350
25
304
47
200
67
288
173
341
176
279
177
267
46
316
38
302
45
310
29
324
216
296
210
249
185
297
71
214
95
174
116
157
105
151
68
189
18
318
44
342
7
225
55
226
115
139
70
218
9
217
62
179
3
182
92
150
64
286
19
185
24
305
181
356
352
355
183
329
12
281
75
339
28
269
175
345
126
294
186
308
26
242
217
240
215
244
214
253
218
234
102
169
78
285
69
343
31
337
200
233
60
209
59
221
57
176
93
180
85
173
112
140
117
137
65
331
15
346
56
273
187
319
178
277
189
317
201
265
208
263
196
326
194
327
6
351
27
332
21
252
125
130
116
144
110
161
103
168
101
164
79
303
53
224
73
282
77
158
81
166
84
163
86
153
89
320
22
321
197
307
191
301
16
306
50
330
129
241
220
236
128
228
118
145
122
134
114
146
112
129
123
136
88
155
17
186
30
338
36
196
106
143
83
175
87
177
82
170
107
193
39
325
72
336
203
246
212
235
198
289
207
260
193
247
152
442
166
431
139
436
230
389
333
413
316
372
323
383
326
405
286
424
332
409
236
449
159
446
157
421
304
381
233
415
249
408
270
402
306
423
343
427
255
394
243
419
250
383
232
385
258
395
260
387
247
416
281
404
296
388
264
423
253
406
305
421
324
1
156
360
225
353
48
187
15
239
218
243
204
333
47
237
216
245
199
271
205
254
192
278
180
274
54
203
34
299
200
283
179
275
211
248
213
258
196
297
52
304
207
284
174
276
68
160
42
192
66
212
108
202
93
181
95
199
43
348
18
335
24
195
111
197
35
135
91
208
97
184
32
349
33
309
29
190
3
213
2
222
56
207
94
178
98
183
13
290
37
250
51
204
54
210
109
194
102
179
8
218
61
272
182
315
70
328
67
313
49
188
99
176
80
132
121
139
120
138
111
141
66
311
58
344
141
266
206
292
74
300
184
354
209
261
188
291
20
219
40
220
5
295
195
264
202
257
176
262
76
287
90
318
48
201
92
206
110
215
25
310
38
217
64
214
1
172
85
162
115
147
113
151
14
229
124
131
119
174
83
180
94
182
96
156
104
157
118
142
100
159
105
154
12
230
222
229
219
233
77
198
45
347
55
223
10
301
17
226
117
227
63
312
4
334
140
447
300
396
256
382
274
386
347
371
329
420
325
425
307
379
254
392
290
407
240
412
313
411
337
399
327
416
248
378
271
393
263
374
346
368
308
399
262
432
162
437
155
440
170
444
138
433
340
441
130
439
134
429
135
341
187
305
154
447
136
340
142
448
168
435
335
408
289
398
251
370
336
375
349
359
224
231
53
225
41
268
186
267
193
298
75
165
103
167
101
187
21
322
185
317
147
434
160
438
169
440
152
352
57
224
71
314
199
316
23
361
350
362
351
356
226
358
225
357
133
347
30
337
9
252
215
238
213
242
220
256
173
266
172
442
282
403
288
424
283
415
277
402
278
372
344
376
330
367
310
377
280
404
268
410
314
426
285
388
312
414
292
391
319
427
320
395
246
417
245
384
279
397
241
389
239
364
146
450
229
365
339
366
332
430
161
445
311
425
321
428
317
371
291
390
261
400
273
443
342
368
322
416
315
385
249
422
266
1
131
302
210
251
178
280
175
255
193
268
194
260
177
307
55
203
40
346
46
205
11
294
78
158
91
318
179
282
7
273
171
444
144
306
206
286
191
293
89
342
31
185
42
148
88
320
50
191
28
296
72
259
167
441
282
414
227
396
276
403
270
379
257
380
331
421
328
401
302
381
235
398
301
412
153
362
345
361
352
359
142
366
348
369
300
446
137
269
22
338
26
343
19
325
62
323
212
279
127
244
5
332
35
265
180
281
201
321
24
189
25
334
169
447
149
363
334
429
150
353
221
247
60
327
99
153
107
168
104
234
8
326
184
290
38
349
27
308
190
333
126
130
121
134
125
135
119
133
116
145
29
348
132
1
163
432
145
430
325
428
338
392
295
406
294
438
341
417
252
413
259
375
316
418
238
408
250
415
232
390
275
395
286
400
242
373
228
401
239
383
299
449
244
380
304
410
158
445
166
270
49
200
41
192
37
196
79
143
16
330
56
225
65
209
87
166
98
163
39
221
13
248
148
285
73
313
6
324
181
249
1
228
223
232
32
351
48
189
66
213
97
169
95
161
84
164
113
170
106
149
23
216
43
194
44
137
114
152
70
350
34
339
174
261
177
288
185
275
203
303
219
237
102
150
110
199
93
175
81
177
86
322
202
277
139
336
10
331
189
292
208
280
172
289
183
291
201
297
134
267
129
263
130
329
211
253
147
356
159
439
156
434
165
446
170
276
141
360
226
355
148
298
36
250
216
246
218
235
128
231
73
165
115
141
96
159
90
148
3
239
45
319
192
299
129
251
104
167
114
138
123
139
122
140
108
222
12
204
57
223
69
219
71
220
59
202
14
240
2
140
124
129
126
262
217
245
204
284
175
274
188
293
178
287
186
316
74
340
173
277
182
281
197
265
135
257
217
256
164
433
333
374
265
422
326
370
298
409
237
378
231
391
258
382
247
384
296
405
272
400
267
373
269
399
277
449
309
450
346
367
336
420
136
295
198
304
209
300
151
440
284
402
260
381
248
371
292
394
251
418
281
443
157
411
303
423
263
380
305
424
285
406
340
364
327
428
324
426
318
419
279
437
229
413
323
414
234
436
233
393
274
397
255
415
256
387
253
417
240
420
241
407
293
379
297
404
347
365
343
442
131
328
205
272
214
254
200
249
220
252
143
296
180
332
64
188
19
348
26
214
10
324
51
305
20
323
52
193
30
345
16
186
47
243
222
354
149
442
160
440
287
396
281
417
317
403
315
377
311
444
306
376
337
369
329
431
163
439
162
326
7
327
68
221
18
179
61
132
125
146
117
144
9
224
84
173
82
171
75
315
190
260
217
354
225
355
224
230
223
353
188
310
208
284
149
448
171
335
29
186
8
241
103
195
46
197
43
198
93
210
59
206
35
269
189
233
128
242
27
337
138
278
176
283
76
163
78
173
83
151
91
317
22
184
33
271
194
262
214
302
196
309
211
271
196
253
202
289
74
162
50
351
53
201
81
236
191
282
181
294
195
270
197
269
109
208
44
311
198
344
49
241
105
136
121
135
124
134
119
155
4
181
85
160
63
205
54
350
33
341
13
314
18
325
204
331
166
256
130
330
167
329
58
352
62
212
92
316
148
317
120
147
112
171
80
156
89
291
179
285
82
176
100
182
102
239
221
240
127
333
210
255
213
246
127
129
67
190
34
232
77
199
31
322
205
319
207
287
145
303
199
301
21
218
42
312
201
266
215
247
192
304
144
366
323
429
161
441
140
346
134
341
141
345
17
238
219
243
57
203
52
200
94
209
106
169
116
146
122
137
119
386
230
412
254
389
307
392
291
421
245
448
278
387
268
394
261
375
318
370
283
407
273
383
264
385
267
410
308
411
320
426
338
368
330
399
289
436
280
405
266
397
271
395
314
425
322
427
331
367
325
365
349
361
155
435
236
384
298
403
275
406
265
388
258
414
316
419
242
1
249
419
322
258
132
347
186
274
49
357
352
358
350
360
351
363
341
437
288
409
269
438
227
426
301
404
257
376
324
365
111
142
123
172
120
133
123
372
276
388
297
395
118
152
90
167
6
155
15
288
190
272
193
297
15
378
246
447
168
328
183
292
203
320
156
443
151
309
46
244
47
315
194
280
179
416
334
433
335
418
244
399
11
349
19
424
302
382
290
390
310
393
294
448
237
434
342
430
326
431
262
386
243
449
160
432
328
373
348
364
349
362
344
427
284
423
319
387
302
131
4
212
107
194
88
164
40
193
44
154
69
191
39
268
176
343
28
336
24
216
65
187
88
157
14
308
152
299
146
286
147
307
56
130
12
174
86
161
117
145
125
131
126
227
71
213
11
184
98
185
20
178
87
183
101
180
95
143
120
168
113
166
79
195
38
192
101
207
60
165
32
342
129
211
61
209
72
226
99
177
98
215
108
153
112
150
118
147
97
210
65
217
109
158
94
259
139
335
55
352
67
148
133
258
218
236
206
321
154
306
150
248
23
323
41
263
182
355
187
295
185
283
80
174
85
176
195
273
5
238
212
237
222
234
220
245
221
250
131
264
216
293
97
180
312
407
299
448
313
392
303
370
321
374
332
411
286
381
261
279
1
324
339
401
262
338
137
337
2
223
72
340
91
339
177
320
3
162
25
185
36
311
37
217
43
359
226
353
45
197
78
377
234
391
293
385
279
398
270
437
295
396
296
391
314
402
228
438
288
408
271
413
337
372
346
360
154
422
304
400
287
439
268
435
164
440
51
149
110
201
106
445
170
336
54
267
133
300
208
298
153
307
58
200
62
216
63
215
66
132
64
196
109
220
69
446
239
450
235
435
231
416
254
144
22
170
76
290
180
175
84
181
6
219
7
188
27
198
103
182
68
224
70
222
83
202
42
206
50
208
53
228
224
229
223
235
64
254
212
319
75
160
92
159
96
179
100
183
105
142
111
152
115
154
111
157
114
257
162
275
175
344
187
313
35
276
140
278
215
275
142
357
157
358
351
359
350
363
343
378
252
424
282
415
143
305
158
356
184
325
165
429
328
302
207
294
172
277
173
286
174
273
178
350
45
310
202
312
188
318
198
334
171
368
334
369
305
425
331
371
333
386
278
375
347
372
200
255
209
264
75
379
259
402
321
421
285
389
277
394
273
405
300
424
210
259
138
409
309
378
238
433
272
444
161
412
345
371
306
390
327
430
329
432
159
420
245
428
255
436
264
441
168
442
167
136
124
138
34
139
2
141
116
151
121
156
115
171
105
172
3
178
82
189
31
190
100
191
67
204
89
205
92
207
54
211
93
214
25
218
81
221
70
225
68
226
118
227
73
230
77
231
79
232
192
233
104
242
48
244
63
247
219
249
146
251
216
252
128
261
213
265
181
266
142
270
189
279
195
285
336
366
340
367
9
339
136
281
60
282
197
296
135
301
132
303
200
306
178
308
209
314
36
321
155
326
17
327
204
329
62
330
191
331
173
332
169
333
172
338
143
342
199
343
32
188
16
346
21
347
26
349
28
345
30
348
59
208
86
175
87
278
95
206
99
181
107
198
108
170
113
228
122
144
152
351
163
257
183
302
203
318
205
310
206
334
211
276
214
312
218
254
225
361
229
1
230
376
232
398
263
362
342
364
352
374
327
377
338
380
240
382
319
383
241
384
260
393
312
442
233
375
236
413
253
397
294
401
308
404
340
408
311
410
320
418
280
422
250
423
289
427
256
431
330
434
266
443
274
445
248
446
247
447
238
449
251
450
243
1
